%% colormaps
function [Vcmap, Vzcmap, Dcmap, Mfcmap, Rcmap, g1OCTAcmap]=Colormaps_DLSOCT
% h=gca; custColormap=colormap(h);
Vcmap=[0         0         0
         0         0    0.4375
         0         0    0.8750
         0         0    0.9000
         0         0    0.9250
         0         0    0.9500
         0         0    0.9750
         0         0    1.0000
         0    0.0625    1.0000
         0    0.1250    1.0000
         0    0.1875    1.0000
         0    0.2500    1.0000
         0    0.3125    1.0000
         0    0.3750    1.0000
         0    0.4375    1.0000
         0    0.5000    1.0000
         0    0.5625    1.0000
         0    0.6250    1.0000
         0    0.6875    1.0000
         0    0.7500    1.0000
         0    0.8125    1.0000
         0    0.8750    1.0000
         0    0.9375    1.0000
         0    1.0000    1.0000
    0.0625    1.0000    0.9375
    0.1250    1.0000    0.8750
    0.1875    1.0000    0.8125
    0.2500    1.0000    0.7500
    0.3125    1.0000    0.6875
    0.3750    1.0000    0.6250
    0.4375    1.0000    0.5625
    0.5000    1.0000    0.5000
    0.5625    1.0000    0.4375
    0.6250    1.0000    0.3750
    0.6875    1.0000    0.3125
    0.7500    1.0000    0.2500
    0.8125    1.0000    0.1875
    0.8750    1.0000    0.1250
    0.9375    1.0000    0.0625
    1.0000    1.0000         0
    1.0000    0.9375         0
    1.0000    0.8750         0
    1.0000    0.8125         0
    1.0000    0.7500         0
    1.0000    0.6875         0
    1.0000    0.6250         0
    1.0000    0.5625         0
    1.0000    0.5000         0
    1.0000    0.4375         0
    1.0000    0.3750         0
    1.0000    0.3125         0
    1.0000    0.2500         0
    1.0000    0.1875         0
    1.0000    0.1250         0
    1.0000    0.0625         0
    1.0000         0         0
    0.9375         0         0
    0.8750         0         0
    0.8125         0         0
    0.7500         0         0
    0.6875         0         0
    0.6250         0         0
    0.5625         0         0
    0.5000         0         0];
% Vcmap=[0         0         0
%     0.0176         0         0
%     0.0351         0         0
%     0.0527         0         0
%     0.0703         0         0
%     0.0878         0         0
%     0.1054         0         0
%     0.1230         0         0
%     0.1405         0         0
%     0.1581         0         0
%     0.1757         0         0
%     0.1932         0         0
%     0.2108         0         0
%     0.2283         0         0
%     0.2351         0         0
%     0.2419         0         0
%     0.2487         0         0
%     0.2554         0         0
%     0.2622         0         0
%     0.2690         0         0
%     0.2757         0         0
%     0.2825         0         0
%     0.2893         0         0
%     0.2960         0         0
%     0.3028         0         0
%     0.3096         0         0
%     0.3163         0         0
%     0.3231         0         0
%     0.3299         0         0
%     0.3366         0         0
%     0.3434         0         0
%     0.3502         0         0
%     0.3570         0         0
%     0.3637         0         0
%     0.3705         0         0
%     0.3773         0         0
%     0.3840         0         0
%     0.3908         0         0
%     0.3976         0         0
%     0.4043         0         0
%     0.4111         0         0
%     0.4179         0         0
%     0.4246         0         0
%     0.4314         0         0
%     0.4382         0         0
%     0.4450         0         0
%     0.4517         0         0
%     0.4585         0         0
%     0.4653         0         0
%     0.4720         0         0
%     0.4788         0         0
%     0.4856         0         0
%     0.4923         0         0
%     0.4991         0         0
%     0.5059         0         0
%     0.5126         0         0
%     0.5194         0         0
%     0.5262         0         0
%     0.5329         0         0
%     0.5397         0         0
%     0.5465         0         0
%     0.5533         0         0
%     0.5600         0         0
%     0.5668         0         0
%     0.5736         0         0
%     0.5803         0         0
%     0.5871         0         0
%     0.5939         0         0
%     0.6006         0         0
%     0.6074         0         0
%     0.6142         0         0
%     0.6209         0         0
%     0.6277         0         0
%     0.6345         0         0
%     0.6412         0         0
%     0.6480         0         0
%     0.6548         0         0
%     0.6616         0         0
%     0.6683         0         0
%     0.6751         0         0
%     0.6819         0         0
%     0.6886         0         0
%     0.6954         0         0
%     0.7022         0         0
%     0.7089         0         0
%     0.7157         0         0
%     0.7225         0         0
%     0.7292         0         0
%     0.7360         0         0
%     0.7428         0         0
%     0.7496         0         0
%     0.7563         0         0
%     0.7631         0         0
%     0.7699         0         0
%     0.7766         0         0
%     0.7834         0         0
%     0.7902         0         0
%     0.7969         0         0
%     0.8037         0         0
%     0.8105         0         0
%     0.8172         0         0
%     0.8240         0         0
%     0.8308         0         0
%     0.8375         0         0
%     0.8443         0         0
%     0.8511         0         0
%     0.8579         0         0
%     0.8646         0         0
%     0.8714         0         0
%     0.8782         0         0
%     0.8849         0         0
%     0.8917         0         0
%     0.8985         0         0
%     0.9052         0         0
%     0.9120         0         0
%     0.9188         0         0
%     0.9255         0         0
%     0.9323         0         0
%     0.9391         0         0
%     0.9458         0         0
%     0.9526         0         0
%     0.9594         0         0
%     0.9662         0         0
%     0.9729         0         0
%     0.9797         0         0
%     0.9865         0         0
%     0.9932         0         0
%     1.0000         0         0];
